1 1
2 1
3 1
4 2
5 2
6 1
7 6
8 3
9 12
10 17
11 7
12 79
13 7
14 23
15 6
16 6
17 12
18 27
19 7
20 2
21 8
22 11
23 4
24 12
25 6
26 23
27 27
28 13
29 5
30 8
31 4
32 3
33 43
34 3
35 7
36 94
37 4
38 4
39 3
40 3
41 14
42 7
43 4
44 3
45 3
46 14
47 2
48 6
49 6
50 24
51 4
52 5
53 10
54 35
55 20
56 28
57 4
58 46
59 14
60 4
61 10
62 1
63 10
64 7
65 19
66 4
67 6
68 10
69 2
70 7
71 2
72 2
73 16
74 5
75 1
76 4
77 9
78 4
79 7
80 6
81 6
82 6
83 13
84 10
85 31
86 3
87 5
88 3
89 10
90 19
91 6
92 35
93 3
94 2
95 4
96 3
97 6
98 10
99 4
100 4
101 4
102 2
103 14
104 6
105 4
106 3
107 8
108 17
109 11
110 3
111 18
112 9
113 4
114 2
115 35
116 5
117 22
118 5
119 17
120 4
121 95
122 3
123 3
124 2
125 5
126 18
127 3
128 5
129 11
130 51
131 3
132 14
133 9
134 3
135 3
136 5
137 18
138 8
139 5
140 3
141 3
142 3
143 4
144 6
145 7
146 6
147 3
148 3
149 3
150 4
151 3
152 5
153 29
154 4
155 27
156 3
157 7
158 4
159 25
160 13
161 4
162 11
163 3
164 10
165 11
166 4
167 6
168 3
169 9
170 8
171 10
172 102
173 2
174 6
175 3
176 15
177 2
178 8
179 7
180 4
181 6
182 9
183 3
184 5
185 5
186 5
187 5
188 8
189 5
190 26
191 5
192 7
193 8
194 5
195 15
196 15
197 4
198 3
199 5
200 4
201 6
202 3
203 11
204 5
205 8
206 7
207 11
208 9
209 5
210 11
211 3
212 6
213 20
214 8
215 7
216 6
217 5
218 36
219 18
220 7
221 5
222 2
223 5
224 9
225 4
226 6
227 13
228 11
229 12
230 6
231 12
232 4
233 18
234 8
235 6
236 4
237 16
238 4
239 4
240 4
241 2
242 4
243 4
244 3
245 3
246 6
247 3
248 6
249 3
250 5
251 14
252 5
253 4
254 6
255 5
256 6
257 4
258 24
259 11
260 18
261 3
262 2
263 14
264 4
265 4
266 5
267 4
268 2
269 3
270 3
271 8
272 13
273 5
274 3
275 6
276 6
277 8
278 6
279 2
280 5
281 5
282 12
283 3
284 9
285 15
286 6
287 15
288 31
289 4
290 5
291 5
292 13
293 10
294 3
295 9
296 19
297 8
298 5
299 22
300 6
301 4
302 3
303 2
304 14
305 4
306 9
307 2
308 4
309 4
310 5
311 7
312 5
313 5
314 6
315 7
316 5
317 9
318 13
319 3
320 3
321 9
322 12
323 5
324 2
325 16
326 5
327 6
328 4
329 78
330 52
331 10
332 35
333 7
334 3
335 5
336 4
337 5
338 2
339 6
340 2
341 9
342 6
343 4
344 11
345 3
346 5
347 3
348 5
349 2
350 5
351 16
352 16
353 6
354 3
355 8
356 3
357 4
358 3
359 6
360 7
361 8
362 7
363 4
364 9
365 5
366 12
367 31
368 34
369 43
370 4
371 13
372 22
373 17
374 3
375 6
376 11
377 20
378 4
379 4
380 16
381 11
382 5
383 11
384 5
385 4
386 5
387 6
388 10
389 1
390 9
391 3
392 29
393 24
394 66
395 8
396 4
397 6
398 7
399 4
400 15
401 2
402 9
403 6
404 6
405 7
406 11
407 2
408 11
409 3
410 3
411 6
412 6
413 2
414 8
415 1
416 4
417 9
418 2
419 5
420 3
421 7
422 35
423 7
424 7
425 8
426 14
427 6
428 4
429 7
430 8
431 10
432 3
433 8
434 11
435 6
436 3
437 5
438 7
439 6
440 3
441 3
442 6
443 5
444 6
445 4
446 3
447 1
448 5
449 6
450 1
451 17
452 7
453 12
454 7
455 3
456 7
457 5
458 10
459 15
460 16
461 14
462 14
463 7
464 7
465 16
466 5
467 4
468 15
469 22
470 5
471 3
472 3
473 7
474 5
475 5
476 15
477 30
478 6
479 3
480 25
481 23
482 6
483 5
484 4
485 8
486 10
487 19
488 11
489 14
490 7
491 16
492 9
493 41
494 2
495 6
496 4
497 9
498 7
499 3
500 10
501 4
502 7
503 4
504 5
505 12
506 10
507 5
508 5
509 5
510 46
511 6
512 15
513 15
514 19
515 21
516 7
517 58
518 4
519 9
520 7
521 5
522 14
523 6
524 6
525 4
526 7
527 28
528 8
529 4
530 4
531 5
532 3
533 8
534 7
535 4
536 9
537 3
538 9
539 5
540 5
541 5
542 2
543 16
544 12
545 13
546 4
547 20
548 5
549 13
550 2
551 7
552 3
553 4
554 22
555 7
556 5
557 16
558 10
559 4
560 7
561 6
562 3
563 4
564 10
565 7
566 7
567 9
568 9
569 33
570 8
571 14
572 9
573 3
574 7
575 8
576 3
577 21
578 16
579 18
580 26
581 3
582 5
583 5
584 13
585 3
586 7
587 6
588 14
589 7
590 8
591 8
592 9
593 3
594 14
595 4
596 8
597 5
598 6
599 11
600 13
601 11
602 11
603 4
604 10
605 4
606 13
607 3
608 5
609 3
610 12
611 10
612 26
613 4
614 18
615 8
616 3
617 22
618 3
619 3
620 5
621 4
622 2
623 7
624 11
625 8
626 3
627 9
628 12
629 6
630 4
631 8
632 5
633 7
634 5
635 5
636 10
637 73
638 5
639 7
640 29
641 6
642 9
643 7
644 4
645 5
646 2
647 25
648 35
649 11
650 4
651 16
652 12
653 4
654 6
655 3
656 9
657 14
658 6
659 15
660 8
661 10
662 3
663 11
664 6
665 18
666 7
667 8
668 5
669 3
670 7
671 13
672 5
673 5
674 4
675 20
676 5
677 7
678 1
679 10
680 7
681 53
682 10
683 5
684 16
685 4
686 13
687 4
688 3
689 6
690 3
691 17
692 2
693 2
694 10
695 4
696 5
697 6
698 5
699 12
700 5
701 6
702 12
703 5
704 12
705 5
706 5
707 19
708 28
709 3
710 18
711 10
712 4
713 7
714 5
715 10
716 10
717 6
718 6
719 7
720 8
721 4
722 9
723 8
724 6
725 6
726 2
727 6
728 18
729 5
730 9
731 12
732 6
733 16
734 15
735 9
736 6
737 7
738 13
739 10
740 12
741 3
742 12
743 8
744 6
745 20
746 5
747 5
748 4
749 4
750 7
751 14
752 10
753 3
754 4
755 6
756 7
757 3
758 7
759 13
760 3
761 4
762 3
763 13
764 5
765 26
766 4
767 8
768 9
769 3
770 3
771 19
772 5
773 8
774 9
775 9
776 6
777 14
778 7
779 9
780 4
781 16
782 4
783 5
784 4
785 14
786 3
787 9
788 21
789 4
790 7
791 7
792 9
793 7
794 5
795 4
796 11
797 3
798 2
799 5
800 5
801 18
802 2
803 4
804 20
805 3
806 7
807 4
808 4
809 2
810 9
811 3
812 21
813 6
814 5
815 8
816 7
817 6
818 6
819 14
820 7
821 4
822 5
823 8
824 11
825 6
826 3
827 14
828 3
829 12
830 2
831 3
832 4
833 10
834 7
835 13
836 11
837 14
838 11
839 5
840 6
841 2
842 9
843 14
844 8
845 22
846 12
847 11
848 4
849 8
850 7
851 5
852 20
853 29
854 11
855 3
856 13
857 15
858 4
859 10
860 3
861 8
862 8
863 3
864 7
865 7
866 4
867 6
868 7
869 5
870 6
871 9
872 16
873 10
874 5
875 7
876 10
877 18
878 11
879 30
880 8
881 6
882 3
883 5
884 10
885 13
886 3
887 19
888 5
889 5
890 9
891 8
892 6
893 5
894 9
895 5
896 10
897 8
898 13
899 6
900 6
901 5
902 9
903 6
904 7
905 27
906 2
907 33
908 6
909 4
910 17
911 6
912 3
913 20
914 20
915 8
916 12
917 7
918 5
919 7
920 5
921 3
922 19
923 11
924 40
925 10
926 8
927 5
928 33
929 5
930 5
931 10
932 8
933 8
934 14
935 7
936 5
937 3
938 4
939 3
940 4
941 5
942 15
943 11
944 4
945 18
946 3
947 3
948 4
949 5
950 5
951 3
952 7
953 9
954 7
955 12
956 25
957 5
958 3
959 106
960 14
961 2
962 5
963 5
964 14
965 13
966 2
967 6
968 4
969 6
970 6
971 10
972 11
973 10
974 2
975 8
976 4
977 3
978 6
979 5
980 18
981 27
982 4
983 7
984 18
985 24
986 12
987 15
988 22
989 10
990 8
991 7
992 8
993 15
994 5
995 3
996 5
997 4
998 5
999 12
1000 6
1001 4
1002 11
1003 2
1004 2
1005 27
1006 5
1007 10
1008 7
1009 3
1010 5
1011 3
1012 6
1013 5
1014 7
1015 4
1016 12
1017 62
1018 5
1019 4
1020 6
1021 3
1022 52
1023 7
1024 5
1025 2
1026 12
1027 7
1028 9
1029 24
1030 7
1031 9
1032 8
1033 13
1034 6
1035 15
1036 6
1037 14
