1 0.0
2 0.0
3 0.0
4 0.0
5 0.0
6 0.0
7 0.0
8 0.0
9 0.0
10 0.0
11 0.0
12 0.0
13 0.0
14 0.0
15 0.0
16 0.0
17 0.0
18 0.0
19 0.0
20 0.0
21 0.0
22 0.0
23 0.0
24 0.0
25 0.0015
26 0.0
27 0.0
28 0.0
29 0.0
30 0.0016
31 0.0
32 0.0
33 0.0016
34 0.0
35 0.0015
36 0.0
37 0.0016
38 0.0015
39 0.0
40 0.0016
41 0.0016
42 0.0
43 0.0015
44 0.0016
45 0.0
46 0.0016
47 0.0015
48 0.0016
49 0.0016
50 0.0046
51 0.0
52 0.0016
53 0.0031
54 0.0016
55 0.0031
56 0.0031
57 0.0047
58 0.0031
59 0.0015
60 0.0047
61 0.0032
62 0.0046
63 0.0032
64 0.0047
65 0.0031
66 0.0047
67 0.0047
68 0.0031
69 0.0047
70 0.0078
71 0.0062
72 0.0078
73 0.0063
74 0.0063
75 0.0062
76 0.0078
77 0.0063
78 0.0047
79 0.0093
80 0.011
81 0.0062
82 0.0047
83 0.0062
84 0.0078
85 0.0094
86 0.011
87 0.0109
88 0.0078
89 0.014099999999999998
90 0.0109
91 0.0078
92 0.0125
93 0.0094
94 0.020300000000000002
95 0.0109
96 0.0094
97 0.0172
98 0.0094
99 0.0125
100 0.014099999999999998
101 0.0124
102 0.0125
103 0.0126
104 0.0156
105 0.0187
106 0.0172
107 0.0219
108 0.0219
109 0.020399999999999998
110 0.0171
111 0.0329
112 0.0328
113 0.020300000000000002
114 0.0218
115 0.029699999999999997
116 0.0156
117 0.025
118 0.025
119 0.0407
120 0.0344
121 0.0312
122 0.0234
123 0.0313
124 0.0188
125 0.0218
126 0.0219
127 0.028199999999999996
128 0.029699999999999997
129 0.028100000000000003
130 0.0453
131 0.028199999999999996
132 0.0125
133 0.029699999999999997
134 0.025
135 0.0344
136 0.0469
137 0.0375
138 0.0312
139 0.029699999999999997
140 0.0422
141 0.0469
142 0.028100000000000003
143 0.0313
144 0.0437
145 0.056299999999999996
146 0.0453
147 0.0407
148 0.0484
149 0.0578
150 0.061
151 0.0328
152 0.0656
153 0.054700000000000006
154 0.086
155 0.060899999999999996
156 0.0453
157 0.0641
158 0.0516
159 0.0437
160 0.0767
161 0.05
162 0.05620000000000001
163 0.0485
164 0.0453
165 0.06570000000000001
166 0.0781
167 0.0703
168 0.0625
169 0.054700000000000006
170 0.1
171 0.0641
172 0.0781
173 0.075
174 0.086
175 0.13440000000000002
176 0.1016
177 0.0969
178 0.0938
179 0.06870000000000001
180 0.125
181 0.0937
182 0.1032
183 0.1032
184 0.0718
185 0.0782
186 0.0891
187 0.07189999999999999
188 0.1093
189 0.1172
190 0.1704
191 0.1234
192 0.0578
193 0.10469999999999999
194 0.1251
195 0.0859
196 0.1797
197 0.11879999999999999
198 0.0968
199 0.1157
200 0.1281
201 0.1532
202 0.1109
203 0.1422
204 0.11100000000000002
205 0.0656
206 0.07970000000000001
207 0.186
208 0.1125
209 0.06870000000000001
210 0.1563
211 0.161
212 0.1359
213 0.11810000000000001
214 0.1609
215 0.0953
216 0.1313
217 0.1437
218 0.11879999999999999
219 0.1282
220 0.1109
221 0.1688
222 0.1469
223 0.2141
224 0.1875
225 0.1938
226 0.2156
227 0.1031
228 0.24700000000000003
229 0.15940000000000001
230 0.19219999999999998
231 0.2625
232 0.22970000000000002
233 0.20790000000000003
234 0.25
235 0.1516
236 0.17809999999999998
237 0.3108
238 0.1985
239 0.1469
240 0.25470000000000004
241 0.4125
242 0.1266
243 0.175
244 0.25
245 0.25470000000000004
246 0.1517
247 0.1953
248 0.25939999999999996
249 0.236
250 0.275
251 0.22970000000000002
252 0.2907
253 0.2218
254 0.1923
255 0.23809999999999998
256 0.17809999999999998
257 0.2157
258 0.17809999999999998
259 0.3923
260 0.3547
261 0.2234
262 0.27349999999999997
263 0.2766
264 0.25630000000000003
265 0.45
266 0.3079
267 0.18919999999999998
268 0.3609
269 0.2407
270 0.3263
271 0.3079
272 0.3593
273 0.3392
274 0.2844
275 0.30779999999999996
276 0.3376
277 0.24369999999999997
278 0.3157
279 0.2953
280 0.3063
281 0.3438
282 0.27349999999999997
283 0.2969
284 0.366
285 0.43289999999999995
286 0.3609
287 0.2657
288 0.2672
289 0.4407
290 0.314
291 0.2204
292 0.3047
293 0.3829
294 0.25
295 0.2953
296 0.41669999999999996
297 0.5125
298 0.43600000000000005
299 0.2548
300 0.4016
301 0.2703
302 0.6532
303 0.3579
304 0.2953
305 0.31720000000000004
306 0.4829
307 0.3016
308 0.3438
309 0.4391
310 0.48600000000000004
311 0.3297
312 0.5157
313 0.45
314 0.5922
315 0.3438
316 0.4704
317 0.3726
318 0.6078
319 0.3719
320 0.397
321 0.3063
322 0.5078
323 0.386
324 0.5985
325 0.5453
326 0.6935
327 0.4314
328 0.5235000000000001
329 0.3246
330 0.6016
331 0.7174
332 0.5142
333 0.8351000000000001
334 0.6298
335 0.561
336 0.40940000000000004
337 0.5187999999999999
338 0.5079
339 0.6422
340 0.9089
341 0.8111
342 0.4891
343 0.5503
344 0.49219999999999997
345 0.3016
346 0.5141
347 0.6798
348 0.7358
349 0.7704
350 0.4157
351 0.5548
352 0.6048
353 0.4828
354 0.8189
355 0.5616
356 0.7344999999999999
357 0.7641
358 0.7376
359 0.7828999999999999
360 0.678
361 1.1595
362 0.6797
363 0.47190000000000004
364 0.6204
365 0.5579
366 0.7895
367 0.8533
368 0.736
369 0.9346
370 1.05
371 0.5079
372 1.2699
373 0.6954
374 0.8657999999999999
375 0.5406
376 0.5157
377 0.8002
378 0.7657
379 0.8814
380 0.6783
381 0.6173
382 0.5486
383 0.7958999999999999
384 0.7047
385 0.9814
386 0.7642
387 0.9798
388 0.9217000000000001
389 1.5893000000000002
390 0.861
391 1.2772000000000001
392 1.0408
393 1.2534
394 1.294
395 0.7572
396 1.0871
397 0.7001000000000001
398 1.1454
399 0.8375999999999999
400 0.9055
401 0.0
